DRACULAS CASTLE
-1076 8 5
-1071 10 21
-1076 17 61
-1055 18 48
-1102 16 65
-1093 16 42
-1099 23 10
-1102 16 17

DREAM LAND
2078 64 910
2083 64 910
2079 63 958
2082 63 963
2109 61 971
2043 65 960

FINAL DESTINATION
23453 22 8647
23443 22 8637
23458 22 8623
23469 22 8639

FLAT ZONE
763 5 198
788 5 202
782 9 214
780 5 192

GARDEN OF HOPE
567 17 486
577 14 518
538 16 552
535 16 525

GREAT BAY
2677 7 56
2658 8 82
2676 9 80
2681 6 99

GREAT PLATEAU
1585 53 1349
1618 51 1394
1617 57 1374
1559 52 1389

GREEN HILL ZONE
-29 29 230
3 19 239
-45 16 233
-30 12 215

ICICLE MOUNTAIN
1082 20 864
1081 20 887
1049 14 876
1082 14 875

JUNGLE JAPES
2284 28 1604
2252 31 1630
2286 28 1576
2247 28 1589

MAGICANT
632 17 -900
659 13 -906
659 20 -885
632 13 -875

MEMENTOS
-293 18 182
-300 23 200
-297 12 180
-303 10 194

MUSHROOM KINGDOM
-231 18 -155
-228 6 -154
-241 13 -128
-213 7 -172

SATURN VALLEY
-208 14 576
-191 11 599
-221 4 639
-233 14 576

SECTOR Z
306 25 3283
306 30 3270
322 28 3258
267 31 3279

SHADOW MOSES ISLAND
121 14 -1466
71 8 -1436
116 16 -1443
141 14 -1418

SPEAR PILLAR
809 1 -30
812 7 -19
808 13 -43
813 13 -19

WILY CASTLE
5002 10 5047
5024 12 5067
4945 9 5083
4971 10 5073
